[app/ui]
version = 9.0.4.1
modtime = 1688549224.339561700

[app/launcher]
version = 9.0.4.1
modtime = 1688549224.345557800

[app/package/check_for_updates]
version = 9.0.4.1
modtime = 1688549224.347558000
